28078597
28033905
29510769
28017178
27547138
27466162
29351199
32634540
28203150
28452568
27775899
29060619
27815696
31376697
27559406
27462821
29514555
26940340
28669272
24915214
28300667
27111217
29597913
28550281
29564885
28740654
29194908
27438414
26897455
29716674
26462245
28848440
28301107
29106278
28490037
27402747
31437748
24909425
31117648
26223580
27109274
29712460
28033778
31808163
30127846
24941257
31764703
28033939
29057163
24582072
28572405
28134092
27869422
30502003
28341084
28524852
30832017
27944091
26162615
33175169
29038441
29043607
27784008
29645035
26412928
28622186
31500796
29474198
30033921
31738071
27707065
27019078
26176770
29854680
28646405
26468997
30556035
26519494
26178261
31899147
30155735
29135588
32562398
28672513
32696323
25319902
29072634
30667047
26153045
27255935
29339711
28386260
27942813
30595478
27400204
28898202
32005955
27822526
24885272
30032431
31501779
27792202
28793459
29231947
25882712
33654485
25931125
27777714
28117753
26040133
28989693
31085853
26613766
31005983
28595324
27518403
27343110
28266276
27871473
29146976
28738420
27526547
29810808
31533176
31024181
26884831
26580924
30673829
26677752
29397277
29473713
27370991
31584014
29134581
28528875
29229969
29280158
31466153
29319077
27147817
31490457
27791510
27626915
28145917
26636009
28181013
29251391
29784922
26881905
24865129
29977723
30279083
28390607
28754620
31848107
30258604
26234786
28688019
28533519
30394425
29957550
28361878
30082710
28741191
28388453
27831531
31236121
29303705
26071401
27453474
27841880
29307242
30900678
28814282
29293430
27255522
29831580
28239459
25551956
29891156
31059839
29488521
29668525
30373182
31652370
31109140
31989779
27313109
28416077
28626216
26832523
30344247
27695204
28806787
28413976
24590047
27638616
25699822
29164445
30054871
26445894
26130826
29502900
31102864
29727705
31315525
30620812
30273480
29102917
29690681
30966892
29839022
26910264
29483998
24964603
28641200
28729303
26605732
29775907
26243144
24401974
29008436
28731476
28381688
26822627
26708727
28981020
28637160
28693230
29339881
30191758
24716151
31491023
29574577
30607976
32318977
28815250
25289468
29980631
31966017
29381673
29431038
29213749
30699370
26412053
27096062
27248903
28017851
28784043
24698287
28148076
26815096
28767749
27125629
25604266
29491615
30862487
27950783
29692068
29153406
27589206
25477329
28233606
27656141
29609227
26891785
27719063
28340986
27592630
31490338
23862554
25986894
27651543
31208989
28602019
30100273
28294248
27432075
28262839
25988703
29090005
29056802
27551966
29602544
30743857
31329473
30469747
25978779
27720753
33809895
28825875
23342616
28634981
30935444
29602888
32051571
30802818
31673981
28358947
27741429
27926022
29015107
28779124
28662890
27187920
29200064
27260277
28859423
30306148
24923327
30738810
27539912
29724266
27610408
27854574
25463091
31304449
29615960
27193217
32408542
30179624
29720851
27931659
28920602
25052483
29582403
26393237
29321783
29574334
32294487
27263364
25613383
27156497
30532341
27982100
28035043
28096708
29098451
28667134
28814973
28835924
28948618
30105895
28798461
26917155
30294746
27770922
30084161
30676479
29006123
32703796
27250622
29904424
31281805
30529419
27539131
27156499
29709449
29646255
27996582
27266180
25675448
26696542
25171865
29086898
29095534
29703366
26467503
29587906
27672554
26348610
27859832
27116677
29131580
27592328
30708876
28524380
31351941
29528280
29341654
28930399
28550566
28726074
31803756
26303546
27862286
27449605
27477504
27915238
28450188
29572585
30392592
29648783
30006320
29239023
29620683
32919730
29308343
25887934
27012620
27893810
29090814
27807298
32050856
28461940
30726090
26759783
29422145
28411391
32043632
31600265
28870727
27527185
29131693
32182026
29347300
27940343
28791198
26993319
26454088
27536922
27571508
27010715
25745243
28272370
29551296
30547188
27615882
26202050
30891578
29276331
28862287
31598966
27904083
30080105
29417196
29690076
28647000
27934069
26061078
26842430
27752017
26692865
30450005
29192973
28362780
30329558
32313268
31551272
28332138
26432843
29330240
28968323
27993776
26472488
28340412
26794880
30104285
28785433
30453443
28827253
29184376
30918057
27168856
27546917
30583301
28091052
30465330
27852718
30119725
25662695
25630196
28401001
31184496
29234527
30023708
25562952
28547884
27805095
27467460
30890772
29570197
26358024
30196730
29752829
25443775
32150045
27647300
27262610
30106941
29613901
30664811
28820466
32279698
32111613
30136654
30786062
31295837
30104560
32956998
30079308
29086778
27646355
28645517
28472063
25957485
28740279
32317623
27507652
27768441
30178010
28277044
29502827
27515730
26865530
28357084
31568650
28642592
28839277
27660848
31712796
29437741
30246193
32340077
25862638
28804582
26795705
27865504
29066320
28630515
30593311
27312629
30863485
28567111
27362349
25409911
26362098
29868659
29962542
27200078
27398676
29269362
28043358
27972567
30211427
31073261
27077429
30851917
26646853
26733934
27930956
27994176
28537271
26540330
27792916
27049787
28621387
27739305
28852153
24296850
33765540
27101550
28061764
28958240
28150709
25623119
30109400
28464858
29792989
27500869
27391823
34273217
30388226
29645827
30303483
27667312
29013330
30981602
31629158
30600232
27270097
27935591
29578240
29024471
26650261
30629239
27043796
27426495
29409843
26512558
28733851
29275256
31215449
30862701
30627878
30635732
28778571
31088155
28175511
26783970
28701750
30283087
28801220
26202992
29895313
27109465
28990981
28495654
27491212
28878103
29323539
27072715
33087797
27465014
29029010
29927285
30581499
29690040
30718325
29252862
31833574
30375854
26951845
28306662
26795463
29374037
27556599
27260133
29883424
27312739
29039633
29312624
31028623
26882605
26215818
32005135
26819167
31119481
28315262
31260490
30477470
28083497
29217191
28425181
27023643
29697219
27677972
27936906
28527535
29539496
30038321
29132461
29542198
29276910
27199933
29225733
27825459
28574237
30899826
25293612
30558008
25882083
29806207
29697226
30987214
26431033
27446932
29588331
31267234
29452074
32990782
27190229
27838638
29960590
27690337
25837970
28353156
31286116
31764581
29271999
28548509
28344852
27317593
27171893
27849989
30070222
29365204
28416589
29472663
29447509
26716970
29312108
28065457
29308563
28622687
25670415
28763268
27956068
27327872
28952029
31515073
28633672
28841654
27776363
29440956
28482051
27141574
28078296
29841491
34325554
34437693
26136279
29196657
28238544
25174582
26313077
31932094
29962739
26308591
28232504
33542548
29490051
28946649
30120424
30052615
29380650
26182778
30127566
28561536
29900191
28689086
31203583
26506036
27745253
26740037
27785466
28629886
26865158
28657087
27430038
28811740
26991816
27081189
27802207
28318571
29596281
29527916
27835330
28491524
29194057
28553555
29397695
30345216
24857154
30427336
28157940
28836926
26527791
30591461
28797232
30458992
29099203
29923413
26975389
26408925
27477273
27059095
25103532
29685165
28687482
29411132
29710203
26519146
29564245
28372522
26506080
31346309
30516212
31445822
27495741
30907722
28285499
28360676
27770320
27500042
28904822
28138129
28733643
29702093
28440888
29083903
29365962
28750710
31314468
28632158
28046491
27706843
29226864
29042622
28963829
27828305
25837925
28383742
25920306
27802407
29860791
28960509
29699572
32612805
26326912
28603787
27544709
30620512
25619217
27483138
29898009
29710378
29753536
26981627
28816704
31232944
29162322
26589572
27373071
27979761
28683341
28472109
27700334
28612594
28304332
30619514
28179190
28201627
28549402
31409932
28275958
29080650
27641455
30289998
29708232
29927548
32331896
26904723
29314806
27152688
28137328
30398991
28446514
27537718
28135721
28092957
30542454
28727390
28082114
30056534
28654404
32258915
25759869
32481578
27729118
27185012
28524181
27816889
29247280
28986675
27345537
30064194
28637139
26497027
30025178
26295259
29923398
32393496
28810889
26413349
28720589
28823408
32118384
29776388
26609529
27883213
33175264
29758437
28770957
28934849
28032977
30228258
28825613
29133997
27808307
29715471
28989143
29386832
25876330
28752057
25804938
29480952
28142184
29311345
27362480
27195081
29716983
26846994
28230272
31588157
30926175
29160894
31277793
28090661
30338799
29140460
24663627
29805926
29829529
30840365
27647365
28149648
31901305
30302672
29582978
26710103
28862244
29237104
29794473
30059649
31226997
29548848
28236293
28285777
27575177
27128456
31776043
30287242
30274933
30881558
32558752
29184896
26122213
26743096
30424356
28634449
29233483
26047824
27759973
28609611
29146163
26790254
28648797
30819956
28559583
30009153
28757300
25764479
32120557
26439646
28479036
32473683
30674782
28298127
24622077
25038334
28744244
27837759
29676212
26626749
31170494
28800325
26007000
30324902
27681246
30306192
28491336
27652317
27615821
29338414
29100058
31125722
31821125
26484711
29887861
26849194
25315467
30527328
27077682
28901556
27055056
27377484
27976960
30342831
29788817
30150353
27431752
29942062
27994907
31503762
30308377
28859772
26398434
28461924
28150560
24130591
26093706
28982727
25071979
29667352
29558718
29009373
30542240
27797822
27941251
27285717
30269042
34720837
26854247
27697247
28478743
26526856
31755503
26798960
28284966
28413436
26212165
28763551
27801789
29385379
28797297
27347531
30600000
29587671
28870118
26805767
29662375
29674561
29022657
29415827
27002963
28691333
25603072
27064256
31755146
33411693
30229236
28807026
30247517
29037110
29004462
25723074
26594339
27919019
30718281
28525106
28574689
26908360
25608159
28397817
26646813
32293963
29102800
33502148
27067584
31576002
29171774
30222298
27371655
30897635
32688873
27623917
27562904
30070062
27079202
27529167
29151741
29970590
28568095
32297971
27271873
29759138
29185777
27476916
28691360
27764965
27985826
28765966
26799773
31109220
28402664
27106449
27761582
29906239
26513469
28911101
30661564
26863787
30638325
28336591
28504289
30543308
27626830
26551919
30358127
27995548
32865002
29774188
27617338
30047802
29206651
30649927
27473120
30560366
29035399
26904543
26592232
30281775
28850694
28480534
28467839
28300205
30195408
25818164
23787349
28665299
27769014
28373125
29078177
31845837
26540422
26096515
30244176
27237433
25210162
30794525
27847578
26233736
27903168
30344320
27979887
28650711
27559356
30827360
26085030
31398495
28929526
29900690
29373964
27419850
32002470
28888770
30786755
27683983
26364119
31107295
31446191
29583887
28224720
29022463
30339277
26275945
31291576
29139394
28206224
28537093
29179462
27356915
28678178
28985183
31049227
29552714
30436619
27999516
26281707
30610475
27877065
29023142
32802816
29382179
28373439
30995825
27358954
27621986
27806311
29840734
28201657
27419697
26436348
29489427
29403896
28047487
31442017
32224390
32213556
26168217
28202706
29507141
28528502
27517235
31219140
26955919
28056888
28022448
30603993
27444781
26686498
27808868
30449850
29191580
35094956
28622028
32429323
29985146
26762709
27008469
31244706
32681066
32406228
28922357
30093154
27649350
26668205
27185554
25711461
27764004
29209675
27730614
28809361
27492334
31872665
30404795
29964006
29936588
27657019
26792539
27385100
29998294
28001015
27820743
30786468
29260759
29401488
30556646
28361792
26633130
28664411
30578020
26819717
26989455
34425454
29281193
32516706
28782973
28548494
31365394
29966544
29967874
29009223
27774702
26610909
27958231
32657469
27922943
29162152
30063886
28270256
25816577
26664053
28906525
28040973
23567484
27301144
25029460
30266413
29339813
25658162
27359283
31196759
29439570
25808679
29020339
30188612
30800187
32501798
24779294
30612737
29802140
29977259
32273444
27366457
28917910
28111382
31834905
27348562
28470640
35712940
28717765
26713516
29993999
28102670
30689485
29886687
29723523
27878968
27527673
31379975
27586875
26882483
28606960
27806261
30699532
28840016
25657250
30242240
27947507
29585683
25907641
27572434
28727225
29214259
27718485
26072086
29007733
28548938
28050261
28836511
27124252
30405746
28189346
28964742
32944646
30556501
28939956
28121170
31287046
28483621
28677604
27160025
28335336
27225226
28702196
26588992
28081232
28512255
29841025
29677693
26698329
29518777
27575872
26554473
27624809
26830241
31578778
29007419
30295028
29293391
29215758
31267424
26851056
28213889
29356449
28216996
26933917
30932742
29844520
27950046
28265850
27304809
29772071
26294953
25875028
28544309
27504432
29647241
27748761
29856794
29173486
27516500
25171353
30707471
28810503
28102216
30179410
29633602
29153515
27581232
29664889
27419436
29424701
28212741
31296632
31519325
31885154
30438185
30018818
29306169
28588281
30266962
27642892
30671325
30909312
26139081
28742613
28974840
26875478
34826306
30253626
30080222
28242435
24863123
29148772
30946519
31404132
27534787
28362557
28636012
28502026
26478625
28783582
28124740
30094168
30057248
27554049
28888373
27398883
26400091
28526294
29803377
27280036
27116159
29278609
26776971
29366237
28458149
33592096
29063943
29048960
30136922
23454205
28700111
27046602
28608478
29810784
29009701
28175412
30790790
28391329
27095508
27984201
27213133
27777537
28838459
28490729
31946580
28263560
29883194
29673980
29184882
31102211
25354985
25093992
28809807
27749560
25966714
28469334
30339392
30112478
31664376
26783416
28435663
27472930
31108423
28775213
28045519
29952872
30983664
29986904
29739165
30851252
27758100
30222746
28212489
28266381
27123031
31051018
26492770
30770286
28311108
29541898
29861915
24935661
25581522
28084641
28117123
30067855
26772540
30993207
29766386
30104389
27521423
29784693
31816397
26833277
29513633