# Total nodes searched after running the command stockfish bench 32 2 16, 500 times in a row.
27615270
26478331
33028581
30514294
30617622
24730495
29989742
28304259
29392463
29132394
27667601
33086137
28474303
30404113
25714237
25618804
33146203
33842164
29245989
30461835
26901742
31020534
25106211
29908254
32569749
31604260
30055980
28553371
27817231
26182738
27703487
28981469
32732450
29166904
27974416
28655577
26257333
26521616
26938929
30102067
30317506
29643477
30884412
30461939
27160038
28862146
28655001
29325075
29099935
28468256
32885040
30638536
30927900
29041028
31602627
29486769
27857646
28753015
27937269
32126942
27492065
27627342
26374548
28618481
28873107
28367478
29715424
26833838
31158649
29546521
26558463
27967285
30798010
28807516
31187674
31585272
34152587
27375986
30447359
29071751
30411262
29627615
29962310
27467579
31559333
29307117
28424807
27306459
29390970
30731566
28650304
28470127
25588075
31672438
30877612
28583904
29629046
27612206
31426000
31297847
28292087
32142219
30018419
28390440
28643557
31966785
31548274
26379073
27328418
28006481
30155012
30270198
30532405
24531482
25922920
28245051
30335678
27655538
26545597
29017772
26661447
28110386
29356753
32037732
28370561
31062812
27521973
33763962
29072278
27645206
30967132
30640319
29053987
30472440
28420796
29864647
30047875
28410084
30345802
29190100
29656576
29755627
27138570
29218411
27946198
29436527
32798415
27937815
29005379
28080132
31146019
28032723
29449062
30632962
30466325
28001062
27314878
28157262
32266850
29243210
26849643
27603868
26988259
28559430
28125868
28677759
28349864
27926209
26462175
29661817
27906364
27579140
29935541
29064597
29807322
27609209
26628500
27605451
28560672
30807253
30726974
30126596
28722570
26589679
25645939
30829048
29717707
26145854
27089276
29268090
28511698
29145309
28922376
28037713
26860144
28411449
28366444
27744890
29138407
28524948
27937573
28748599
30700562
29955896
30649541
28989554
27639690
26973341
29248413
28809034
30228569
28361603
27820736
29013285
26326397
29197151
30149968
28937878
28048822
30965393
31588083
31068723
26723272
28998530
27912906
28827376
26269650
30858088
30094363
27100087
29878976
27271931
29833493
30251622
27223276
29105478
25789268
28613298
27684797
27682261
28632715
28712326
26159658
27958602
31094005
25480176
28948048
27714701
25037568
25294928
25233506
28335867
29167450
31541804
28211445
30319537
28883581
28404065
26817995
30176720
27851519
30504436
29336152
29345355
28689840
29280484
27941825
30573287
28428806
30477362
30990535
31173086
30940182
28526356
27241599
28665357
25971616
26923075
28387943
30143038
28703122
29930461
30499492
29239211
29175472
28702090
28044466
27837032
29354524
29677034
29301409
29589380
28152739
31593391
24652147
26121049
27410288
27537148
29854937
29996504
28723325
29581676
30838709
29416119
29620668
28743919
28651951
30310099
30869937
26352344
28289610
28608690
31790390
31787085
27123771
26466667
26232553
29841425
30449879
28916417
27973508
30389325
25889909
29205030
28664149
26171990
27288690
32029479
26055384
30889578
29812314
25648920
28709310
27335530
29037319
28417072
30899178
27231397
28528765
34015872
28693646
29799953
28041691
27996755
29975315
26912863
25190755
29865273
32574502
30481168
28064074
27735698
29683593
31454490
27927395
28274804
30502597
26688907
27430640
29902330
30246661
32595396
29734031
27104172
30248328
32755360
25287820
27717403
26937354
30301715
26590269
30880246
26625614
28996871
30364979
26695636
25831943
27243319
29420895
33375750
25646341
27934814
30928098
29419567
32218198
30613345
30495599
27632694
30439338
27929759
31284090
29634059
29589058
32481079
26081821
30085025
30472995
28470333
29460203
28997939
29331200
29583558
25510560
27644525
27705816
28110245
26265970
28943220
28610004
28697026
29435573
29033660
29351688
28884194
28006797
30288286
28139755
30358012
25076050
28495722
27549291
26139751
27064260
27307344
27976732
31695336
29190206
25686613
32327087
30540143
27963538
29666005
27094742
30712828
27406635
26751567
27433840
26824439
31278987
26110671
27672036
30179482
29014374
28579261
29576353
31223314
26052014
28460003
27322072
27727783
23951488
27401704
28926909
29387830
30093718
27331520
31842290
27351380
27766524
27339226
27311772
26684197
27518484
27914472
31791172
26318769
26463315
31779031
27784420
30242666
30142785
31767299
29321149
27267653
28862598
25717986
28418746
27225528
28050859
30061578
26585374
30854935
29228801
27074749
30864426
28614037
29593534
34059021
27155342
30989209
30110215
26442284
28768917
27136266
29832740
30078711
27379471
28181435
27414311
28663433
